921988
921989
921990
921991
921992
921993
921994
921995
921996
921997
921998
921999
922000
922001
922002
922003
922004
922005
922006
922007
922008
922009
922010
922011
922012
922013
922014
922015
922016
922017
922018
922019
922020
922021
922022
922023
922024
922025
922026
922027
922028
922029
922030
922031
922032
922033
922034
922035
922036
922037
922038
922039
922040
922041
922042
922043
922044
922045
922046
922047
922048
922049
922050
922051
922052
922053
922054
922055
922056
922057
922058
922059
922060
922061
922062
922063
922064
922065
922066
922067
922068
922069
922070
922071
922072
922073
922074
922075
922076
922077
922078
922079
922080
922081
922082
922083
922084
922085
922086
922087
922088
922089
922090
922091
922092
922093
922094
922095
922096
922097
922098
922099
922100
922101
922102
922103
922104
922105
922106
922107
922108
922109
922110
922111
922112
922113
922114
922115
922116
922117
922118
922119
922120
922121
922122
922123
922124
922125
922126
922127
922128
922129
922130
922131
922132
922133
922134
922135
922136
922137
922138
922139
922140
922141
922142
922143
922144
922145
922146
922147
922148
922149
922150
922151
922152
922153
922154
922155
922156
922157
922158
922159
922160
922161
922162
922163
922164
922165
922166
922167
922168
922169
922170
922171
922172
922173
922174
922175
922176
922177
922178
922179
922180
922181
922182
922183
922184
922185
922186
922187
922188
922189
922190
922191
922192
922193
922194
922195
922196
922197
922198
922199
922200
922201
922202
922203
922204
922205
922206
922207
922208
922209
922210
922211
922212
922213
922214
922215
922216
922217
922218
922219
922220
922221
922222
922223
922224
922225
922226
922227
922228
922229
922230
922231
922232
922233
922234
922235
922236
922237
922238
922239
922240
922241
922242
922243
922244
922245
922246
922247
922248
922249
922250
922251
922252
922253
922254
922255
922256
922257
922258
922259
922260
922261
922262
922263
922264
922265
922266
922267
922268
922269
922270
922271
922272
922273
922274
922275
922276
922277
922278
922279
922280
922281
922282
922283
922284
922285
922286
922287
922288
922289
922290
922291
922292
922293
922294
922295
922296
922297
922298
922299
922300
922301
922302
922303
922304
922305
922306
922307
922308
922309
922310
922311
922312
922313
922314
922315
922316
922317
922318
922319
922320
922321
922322
922323
922324
922325
922326
922327
922328
922329
922330
922331
922332
922333
922334
922335
922336
922337
922338
922339
922340
922341
922342
922343
922344
922345
922346
922347
922348
922349
922350
922351
922352
922353
922354
922355
922356
922357
922358
922359
922360
922361
922362
922363
922364
922365
922366
922367
922368
922369
922370
922371
922372
922373
922374
922375
922376
922377
922378
922379
922380
922381
922382
922383
922384
922385
922386
922387
922388
922389
922390
922391
922392
922393
922394
922395
922396
922397
922398
922399
922400
922401
922402
922403
922404
922405
922406
922407
922408
922409
922410
922411
922412
922413
922414
922415
922416
922417
922418
922419
922420
922421
